01000
01016
01019
01026
01027
01030
01032
01035
01040
01042
01043
01044
01047
01053
01055
01057
01059
01061
01065
01070
01072
01082
01083
01085
01086
01088
01093
01094
01095
01102
01104
01106
01108
01109
01111
01112
01116
01120
01121a
01121b
01122
01124
01125
01126
01127
01128
01129
01130
01131
01132
01134
01135
01136
01142
01143
01145
01146
01147
01149
01150
01152
01153
01154
01155
01156
01158
01159
01160
01161
01162
01163
01165
01166
01170
01175
01178
01179
01180
01181
01182
01501
01502
01503
01504
01505
01506
01507
01508
01509
01510
01511
01513
01514
01515
01516
01517
01518
01519
01520
01521
01522
01523
01525
01526
01527
01528
01529
01530
01531
01532
01533
01534
01535
01536
01537
01538
01539
01540
01541
01542
01543
01544
01545
01546
01547
01548
01549
01550
01551
01552
01553
01554
01555
01556
01557
01559
01560
01561
01562
01563
01564
01565
01566
01567
01568
01569
01570
01571
01572
01573
01574
01575
01576
01577
01578
01579
01580
01581
01582
01583
01584
01585
01586
01587
01588
01589
01590
01591
01592
01593
01594
01595
01596
01597
01598
01599
01600
01601
01602
01603
01683
01685
01687
01688
01690
01691
01692
01693
01694
01695
02008
02012
02016
02017
02019
02021
02024
02027
02030
02031
02032
02034
02036
02041
02042
02043
02045
02046
02047
02048
02049
02051
02052
02053
02054
02055
02056
02057
02059
02060
02062
02064
02065
02067
02068
02069
02070
02071
02072
02074
02075
02076
02077
02081
02082
02083
02084
02086
02087
02089
02091
02092
02094
02095
02096
02099
02100
02107
02109
02112
02114
02116
02117
02118
02121
02122
02123
02124
02125
02126
02127
02128
02129
02132
02133
02134
02135
02136
02137
02138
02143
02144
02146
02149
02150
02152
02153
02154
02155
02156
02157
02158
02159
02160
02161
02162
02163
02164
02166
02172
02174
02175
02176
02177
02178
02180
02181
02182
02183
02184
02185
02186
02187
02188
02189
02191
02193
02196
02197
02198
02199
02200
02201
02202
02203
02204
02206
02207
02208
02209
02210
02211
02212
02213
02214
02219
02222
02223
02224
02225
02226
02227
02228
02231
02232
02241
02242
02243
02244
02245
02246
02247
02248
02249
02250
02251
02252
02253
02254
02256
02257
02258
02259
02260
02267
02268
02273
02275
02276
02278
02279
02280
02281
02284
02285
02286
02288
02289
02290
02291
02292
02293
02294
02296
02298
02300
02301
02306
02308
02309
02310
02316
02317
02318
02319
02320
02321
02322
02324
02325
02326
02327
02328
02330
02331
02332
02333
03001
03002
03005
03007
03008
03009b
03010
03011
03013
03014
03015
03016
03018
03020
03021
03023
03026
03030
03032
03036
03037
03038
03039
03040
03043
03044
03045
03046
03047b
03048
03049
03050
03051
03052
03053
03054
03055
03056
03057
03058
03059
03060
03064
03065
03066
03067
03068
03069
03070
03071
03072
03073
03074
03075
03076a
03076b
03077
03077b
03078
03078b
03079
03079b
03080
03080b
03082
03083
03085
03086
03087
03088
03089
03091
03092
03094
03098
03099
03100
03101
03103
03104
03105
03106
03107
03108
03109
03110
03111
03112
03114
03115
03116
03117
03118
03119
03124
03125
03126
03127
03128
03129
03131
03133
03134
03135
03136
03137
03138
03140
03144
03145
03146
03147
03148
03149
03150
03151
03152
03154
03156
03157
03161
03162
03163
03171
03172
03173
03174
03175
03177
03182a
03183
03188
03190
03196
03197
03198
03200
03201
03202
03203
03204
03205
03206
03208
03209
03210
03211
03212
03213
03214
03215
03216
03217
03218
03219
03220
03221
03221b
03222
03223
03224
03225
03226
03227
03228
03229
03230
03231
03233
03236
03237
03238
03239
03240
03241
03241b
03242
03243
03244
03245
03246
03247
03248
03249
03251
03253
03254
03255
03256
03257
03259
03260
03261
03262
03266
03267
03268
03269
03271
03275
03276a
03276b
03277
03278
03279a
03279b
03280
03281
03282
03283
03284
03285
03286
03287
03288
03289
03290
03291
03292
03293
03294
03295
03296
03297
03298
03299
03300
03301
03302
03303
03304
03305
03307
03309
03312
03313
03314
03316
03317
03318
03320
03321a
03321b
03322a
03323a
03324
03325
03325b
03326a
03326b
03326c
03326d
03327a
03327b
03327c
03327d
03327e
03327f
03328a
03328b
03328c
03328d
03328e
03328f
03329a
03329b
03329c
03329d
03330
03330b
03331
03331b
03332
03333
03334
03335
03336
03337
03339
04003
04005
04007
04010
04011
04014
04015
04016
04018
04019
04020
04022
04023
04024
04025
04026
04027
04029
04031
04033
04036
04039
04041
04042
04044
04045
04046
04047
04048
04049
04050
04051
04052
04053
04054
04055
04056
04057
04058
04059
04060
04061
04063
04064
04065
04066
04067
04068
04069
04070
04071
04072
04073
04074
04075
04076
04077
04079
04080
04081
04082
04083
04084
04085
04087
04088
04090
04091
04092
04093
04094
04095
04096
04097
04098
04100
04101
04102
04107
04117a
04117b
04118a
04118b
04119
04120
04121
04122
04122b
04123
04124
04125a
04125b
04126a
04126b
04128a
04128b
04129
04130a
04130b
04131
04132
04133a
04133b
04134a
04134b
04135
04136
04137a
04137b
04138
04139
04140
04141
04142
04143
04144
04145
04146
04147
04148
04149
04150
04151
04153
04154
04155
04156
04159
04160
04161
04162
04164
04165
04167
04168
04169
04170
04171
04172
04173
04174
04176
04177
04178
04179
04180
04181
04182
04183
04184
04185
04186
04187
04188
04189
04190
04191
04193
04194
04202
04203
04204
04206
04206b
04207
04208
04209
04209b
04210
04211
04212
04213
04214
04215
04216
04217
04218
04219
04220
04221
04222
04223
04224
04225
04226
04227
04228
04229
04232
04234
04235
04238
04239
04240
04241
04242
04243
04244
04245
04246
04247
04248
04249
04250
04251
04252
04253
04254
04255
04256
04257
04258
04259
04260
04261
04262
04263
04264
04266
04267
04268
04269
04271
04272
04274
04275
04276
04278
04279
04280
04281
04282
04283
04284
04285
04286
04287
04288
04289
04290
04291
04292
04293
04294
04295
04296
04297
04298
04299
04300
04301
04302
04303
04304
04305
04306
04307
04308
04310
04311
04312
04313
04315
04316
04317
04318
04319
04320
04321
04322
04323
04324
04325b
04327
04328
04329
04330
04331
04332
04333
04334
04335
04336
04337
04338
04339
04340
04341
04342
04343
04344
04345
04346
04347
05005
05007
05010
05012
05016
05017
05018
05019
05020
05023
05024
05025
05027
05031
05035
05037
05039
05040
05041
05042
05043
05044
05045
05046
05047
05048
05049
05051
05052
05053
05054
05055
05055b
05056
05057
05065
05066
05067
05068
05069
05070
05071
05072
05073
05074
05075
05076
05077
05078
05079
05080
05081
05082
05083
05084
05085
05085b
05088
05089
05095
05096
05097
05100
05101
05102
05103
05104
05105
05106
05107
05108
05109
05111
05112
05113
05114
05115
05116
05117
05120
05121
05122
05123
05124
05125
05126
05127
05128
05129
05130
05131
05132
05133
05134
05135
05136
05137
05138
05139
05140
05141
05142
05143
05144
05145
05148
05150
05151
05152
05153
05154
05155
05157
05159
05160
05162
05166
05166b
05167
05167b
05168
05168b
05169
05169b
05170
05170b
05171
05171b
05172
05172b
05173
05173b
05174
05174b
05175
05175b
05176
05176b
05177
05178b
05178d
05178f
05178h
05178i
05178j
05178k
05178l
05179
05180
05183
05184
05185
05187
05189
05190
05192
05193
05195
05196
05197
05198
05200
05201
05202
05203
05204
05205
05206
05207
05208
05209
05210
05211
05212
05213
05214
05215
05216
05217
05217b
05218
05219
05220
05221
05222
05223
05225
05226
05227
05228
05229
05230
05232
05233
05237
05239
05240
05241
05242
05243
05244
05245
05246
05247
05248
05249
05250
05251
05252
05253
05254
05255
05256
05257
05258
05259
05260
05261
05262
05262b
05263
05263b
05264
05264b
05265
05265b
05266
05267
05268
05269
05270
05271
05272
05274
05275
05277
05281
05283
05284
05285
05286a
05286b
05287
05288a
05288b
05289
05290
05291
05292
05293
05294
05295
05296
05297
05298
05299
05300
05301
05302
05303
05304
05305
05306
05308
05310
05311
05312
05318
05319
05321
05323
05324
05325
05326
05327
05328
05331
05332
05333
05334
05335
05336
05337
05338
05339
05340
05342
05343
05344
05345
05346
06001
06003
06006
06007
06008
06009
06011
06012
06013
06015b
06016
06021
06023
06027
06034
06037
06039
06040
06041
06042
06043
06044
06045
06046
06047
06048
06049
06050
06051
06052
06053
06054
06055
06056
06057
06057b
06058
06058b
06059
06060
06061
06062
06063
06064
06065
06066
06067
06068
06070
06071
06072
06073
06074
06075
06076
06077
06078
06079
06081
06082
06083
06084
06085
06086
06090
06091
06092
06093
06094
06095
06096
06097
06098
06099
06101
06103
06104
06105
06109
06112
06113
06114
06115
06118
06119
06122
06123
06124
06125
06126
06127
06127b
06128
06128b
06129
06129b
06130
06130b
06131
06131b
06132
06132b
06133
06133b
06134
06134b
06135
06135b
06136
06136b
06137
06137b
06138
06138b
06139
06139b
06140
06140b
06141
06141b
06142
06142b
06143
06143b
06146
06149
06150
06153
06154
06155
06158
06161
06162
06163
06165
06166
06168
06169a
06169b
06170
06171
06172
06173
06174
06175
06176
06177
06178
06179
06180
06181
06182
06183
06184
06185
06186
06187
06188
06189
06190
06191
06192
06193
06194
06196
06198
06200
06201
06202
06203
06204
06205
06206
06207
06208
06209
06210
06211
06212
06213
06214b
06216
06217
06218
06219
06220
06221
06222
06223
06225
06226
06227
06229
06230
06231
06232
06233
06234
06235
06241
06242
06243
06244
06245
06247
06248
06249
06250
06251
06252
06254
06254b
06255
06255b
06256
06256b
06257
06257b
06258
06258b
06259
06259b
06260
06260b
06261
06261b
06262
06262b
06263
06263b
06264
06264b
06265
06265b
06266
06267
06268
06269
06270
06271
06274
06275
06280
06282
06284
06285
06286
06287
06288
06289
06290
06291
06292
06293
06294
06295
06296
06297
06298
06299
06300
06301
06302
06303
06304
06305
06306
06307
06308
06309
06310
06311
06312
06313
06318
06322
06323
06324
06326
06327
06328
06329
06330
06332
06333
06334
06335
06336
06337
06338
06339
06340
06341
06342
06343
06344
06345
06346
06347
06348
06349
06350
06351
06352
06353
06354
07001
07007
07008
07009
07010
07011
07012
07013
07014
07015
07016
07017
07018
07019
07020
07021
07022
07023
07025
07026
07027
07028
07029
07031
07033
07034
07035
07036
07037
07038
07039
07040
07041
07042
07043
07044
07045
07046
07047
07048
07049
07050
07051
07052
07053
07054
07055
07056
07057
07058
07059
07060
07061
07062a
07062b
07063
07064
07065
07066
07067
07068
07069
07070
07071
07072
07073
07074
07075
07076
07077
07078
07079
07080
07081
07082
07083
07084
07085
07086
07087
07088
07089
07090
07091
07092
07093
07094
07095
07096
07097
07098
07099
07100
07101
07102
07103
07105
07106
07107
07108
07109
07111
07112
07113
07115
07116
07117
07119
07121
07122
07123
07124
07125
07126
07127
07128
07129
07130
07131
07132
07133
07134
07135
07136
07137
07138
07139
07140
07141
07142
07143
07144
07145
07146
07147
07148
07149
07150
07151
07152
07153
07154
07155
07156
07157
07158
07159
07160
07161
07162
07163
07164
07164b
07165
07165b
07166
07167
07168
07169
07170
07171
07172
07173
07174a
07174b
07175a
07175b
07176a
07176b
07177a
07177b
07178
07179
07180
07181
07182
07183
07184
07185
07186
07187
07188
07189
07190
07193
07194
07195
07196
07197
07198
07199
07199b
07200
07201
07202
07203
07204a
07204b
07204c
07205a
07205b
07206a
07206b
07207a
07207b
07208a
07208b
07208c
07209a
07209b
07210
07211a
07211b
07212a
07212b
07213
07214
07215
07216
07217
07218
07219
07220
07221
07222
07229
07230
07231
07232
07233
07234
07235
07236
07237
07238
07239
07240
07241
07242
07243
07244
07245
07246
07247
07248
07249
07250
07251
07252
07252b
07253
07254
07255
07256
07257
07258
07259
07260
07263
07264
07266
07267
07268
07269
07270
07271
07272
07273
07274
07275
07276
07277
07278
07279
07280
07281
07282
07283
07284
07285
07286
07287
07288
07289
07290
07291
07292a
07292b
07293
07294
07295
07296
07297
07298
07299
07300
07300b
07301
07302
07304
07305
07306
07307
07308
07309
07311
07312
07313
07314
07316
07317
07318
07319
07320
07321
07322
07323
07324
07325
07326
07327
07328
07329
07330b
07331b
07332
07333
07334
07335
07336
07337
07338
08001
08002
08003
08005
08008
08010
08011a
08011b
08012a
08012b
08013a
08013b
08014b
08015
08017
08018
08020
08021
08023
08025
08026
08027
08029
08030
08034
08035
08038
08040
08041
08042
08043
08044
08046
08047
08049
08051
08052
08053
08054
08055
08056
08057
08058
08060
08061
08063
08066
08068
08069
08071
08072
08073
08074
08075
08076
08079
08080
08081
08082
08083
08084
08085
08087
08089
08091
08093
08095
08098
08099
08102
08104
08106
08108
08109
08110
08111
08112
08113
08114
08115
08116
08120
08121
08122
08123
08126
08127
08128
08130
08131
08132
08133
08501
08502
08503
08504
08505
08506
08507
08508
08509
08510
08511
08512
08513
08514
08515
08516
08517
08518
08519
08520
08521
08522
08523
08524
08525
08526
08527
08528
08529
08530
08531
08532
08533
08534
08535
08536
08537
08538
08539
08540
08541
08542
08543
08544
08545
08546
08547
08548
08549
08550
08551
08552
08553
08554
08555
08556
08556b
08557
08557b
08558
08558b
08559
08559b
08560
08560b
08561
08561b
08562
08562b
08563
08563b
08564
08564b
08565
08565b
08566
08566b
08567
08567b
08568
08568b
08569
08569b
08570
08570b
08571
08571b
08572
08572b
08573
08573b
08574
08574b
08575
08575b
08576
08576b
08577
08577b
08578
08578b
08579
08579b
08580
08580b
08581
08581b
08582
08582b
08583
08583b
08584
08585
08586
08587
08588
08589
08590
08591
08592
08593
08594
08595
08597
08598
08599
08600
08601
08602
08603
08604
08605
08606
08607
08608
08609
08610
08611
08612
08613
08614
08615
08616
08617
08618
08619
08620
08621
08622
08623
08624
08625
08626
08627
08628
08629
08631
08632
08633
08636
08637
08638
08639
08640
08641
08642
08643
08644
08645
08646
08647
08649
08650
08651
08652
08653
08654
08655
08656
08657
08658
08659
08660
08661
08662
08663
08664
08665
08666
08667
08668
08670
08671
08672
08673
08674
08675
08676
08677
08678
08679
08680
08681
08682
08683
08684
08685
08686
08687
08688
08689
08690
08691
08692
08693
08694
08695
08696
08697
08698
08699
08700
08701
08702
08703
08704
08705
08706
08707
08708
08709
08710
08712
08713
08714
08715
08716
08717
08718
08719
08720
08721
08722
08723
08724
08725
08726
08727
08728
08729
08730
08731
08732
08733
08734
08735
08736
08737
08738
09002
09003
09005
09007
09010
09014
09015
09017
09018
09019
09021
09024
09025
09026
09028
09030
09031
09032
09033
09035
09036
09037
09038
09039
09040
09043
09044
09046
09048
09052
09053
09054
09055
09056
09057
09059
09060
09062
09064
09066
09067
09069
09070
09074
09075
09077
09078
09080
09082
09083
09084
09085
09086
09087
09088
09091
09093
09094
09095
09096
09097
09098
09102
09103
09104
09105
09108
09110
09112
09113
09116
09117
09121
09122
09124
09125
09126
09128
09502
09503
09504
09505
09506
09507
09508
09509
09510
09511
09512
09513
09514
09515
09516
09517
09518
09519a
09519b
09520
09522
09523
09524
09525
09526
09527
09528
09529
09530
09531
09532
09533
09534
09535
09536
09536b
09537
09537b
09538
09539
09540
09541
09542
09543
09544b
09547
09548
09549
09550
09551
09552
09553
09554
09555
09556
09557
09557b
09558
09559
09560
09561
09563
09564
09565a
09565b
09568
09571
09571b
09572
09573
09574
09575
09576
09577
09578
09579
09580
09581
09582
09583
09584
09585
09586a
09586b
09586c
09587
09588
09589
09590a
09590b
09591
09592
09593
09594
09595
09596
09597
09599
09600a
09600b
09601
09602
09603
09604
09605
09606a
09607a
09607b
09608
09610
09611
09612
09613
09614
09615a
09615b
09616
09617
09618
09619
09620
09621
09622
09623
09624
09625a
09625b
09626
09627
09628
09629
09630
09631
09632
09633
09634a
09634b
09636
09637
09638
09639
09640
09641
09642
09643
09644
09645
09646
09647
09648
09649
09650
09651
09652
09653a
09653b
09654a
09654b
09655a
09655b
09656
09657
09658
09659a
09659b
09661
09662
09663
09664
09665
09666
09667
09668
09669
09670
09671
09672
09673
09674a
09674b
09674c
09674d
09675a
09675b
09675c
09675d
09676a
09676b
09676c
09676d
09677
09678
09679a
09679b
09680a
09680b
09681
09682
09683
09684
09685
09686
09687
09689
09690
09691
09692
09693
09695
09696
09697
09698
09699
09700
09701
09702
09703
09704
09705
09706
09707
09708
09709
09710
09711
09712
09713
09714
09715
09716a
09716b
09716c
09717
09718
09719
09721
09722
09723
09724
09725
09726a
09726b
09727a
09727b
09728
09729
09730
09731
09732
09733
09734
09735
09736
09737
09738
09739
09740
09741
09742
09743
09744
09745
09746
09747a
09747b
09747c
09748a
09748b
09749a
09749b
09750
09751
09752
09753
09754
09755
09756
09757
09758
09759
09760
09761
09762
09763
09764
09765
09766
09767
09768a
09768b
09769b
09770a
09770b
10001
10003
10005
10005b
10006
10007
10008
10011
10012
10016a
10016b
10017
10018
10019
10020
10021
10022
10023
10024
10025
10026
10027
10028
10032
10033
10034
10036
10037
10038
10039
10040
10041
10042
10044
10045
10046
10048
10049
10051
10052
10053
10054
10055
10056
10057
10058
10059
10060
10061
10062
10063
10064
10065
10066
10068
10069
10070
10071
10072
10073
10074
10075
10076
10077
10080
10081
10082
10083
10084
10086
10087
10088
10089
10090
10091
10092
10093
10094
10095
10096
10097
10099
10100
10101
10102
10103
10104
10105
10106
10107
10108
10109
10111
10112
10114
10116
10118
10119
10120
10121
10122
10124
10125
10126
10127
10129
10130
10133
10134
10135
10136
10138
10501
10502
10503
10504
10505
10506
10508
10509
10510a
10510b
10511a
10511b
10512
10513
10514
10515
10516
10517
10518
10519
10520
10521
10522
10523
10524
10524b
10525
10526
10527
10528
10529
10530
10531
10532
10532b
10533
10533b
10534
10534b
10535
10535b
10536
10536b
10537
10537b
10538
10538b
10539
10539b
10540
10540b
10541
10541b
10542
10542b
10543
10543b
10544
10545
10546
10547
10548
10549
10550
10551
10552
10553
10554
10555
10556
10557
10558
10559
10560
10561
10562
10563
10564
10565
10566
10567
10568
10569
10570
10571
10572
10573
10574
10575
10576
10577
10578
10579
10580
10581
10582
10583a
10583b
10584a
10584b
10586
10587
10588
10589
10590
10591
10592
10593a
10593b
10594a
10594b
10595a
10595b
10596a
10596b
10597a
10597b
10598a
10598b
10599a
10599b
10600
10601
10602
10603
10604
10605
10606
10607a
10607b
10608
10609
10610a
10610b
10611a
10611b
10612
10613
10614
10615
10616
10617
10618
10619
10620
10621
10622
10623
10624
10625
10626
10627
10628
10629
10630
10631
10632
10633
10635
10636
10637
10638
10639
10640
10641
10642
10643
10644a
10644b
10644c
10645a
10645b
10645c
10646
10647a
10647b
10647c
10648
10649
10651
10652
10653
10654
10655
10656
10657
10658
10659
10660
10661
10661b
10662a
10662b
10663a
10663b
10664a
10664b
10665a
10665b
10666
10667
10668
10669
10670
10670b
10671
10672
10673
10674
10675
10676
10677
10678
10679
10680
10681
10682
10683
10684
10685
10686
10687
10688
10689
10690a
10690b
10691a
10691b
10692
10693
10693b
10694
10694b
10695
10695b
10696
10696b
10697
10697b
10698
10698b
10699
10699b
10700
10700b
10701
10701b
10702
10703
10704
10705a
10705b
10706a
10706b
10707a
10707b
10708a
10708b
10709a
10709b
10710a
10710b
10711a
10711b
10712a
10712b
10713
10714
10715
10716
10717
10718
10719
10720
10721
10722
10724
10725
10726
10727
10728
10730
10731
10732
10733
10734
10735
10736
10737
10738
10739
10740
10741
10742
10743
11002
11003
11004
11005
11006
11012
11013
11015
11016
11018
11020
11021
11022
11023
11024
11025
11026
11027
11029
11030
11031
11032
11033
11034
11035
11036
11037
11038
11039
11040
11042
11044
11045
11046
11047
11048
11049
11050
11051
11052
11053
11054
11055
11056
11057
11058
11059
11061
11065
11066
11068b
11070
11071
11072
11073
11074
11075
11077
11078
11079
11080
11081
11082
11083
11084
11085
11086
11087
11088
11089
11090
11091
11092
11093
11094
11095
11096
11097
11098
11099
11100
11101
11102
11104
11105
11106
11107
11109
11110
11111
11112
11113
11114
11115
11116
11117
11119
11120
11121
11122
11123
11126
11127
11128
11129
11501
11502
11503
11504
11504b
11505
11505b
11506
11507
11508
11509
11510
11511
11512
11513
11514
11515
11516
11517
11518
11521
11522
11523
11524
11525
11526
11527
11528
11529
11530
11531
11531b
11532
11532b
11533
11534
11535
11536
11537
11537b
11538
11539
11540b
11541
11542
11543
11544
11545
11546
11547
11548
11549
11549b
11550
11550b
11551
11552
11554
11555
11556
11557
11558
11559
11559b
11560
11561
11562
11563
11564
11565
11566
11567
11568
11569
11570
11571
11572
11573
11574
11575
11576
11577
11578
11579
11579b
11580
11580b
11581
11581b
11582
11583
11587
11588
11589
11590
11591
11592
11593
11594
11596
11598
11599
11600
11601
11602
11603
11604
11606
11607
11608
11608b
11609
11609b
11610
11610b
11611
11612
11613
11614
11615
11616
11617
11618
11619
11620
11621
11622
11622b
11623
11624
11625
11626
11627
11628
11629
11630
11631
11632
11633
11634
11635
11636
11637
11638
11639
11640
11640b
11641
11642
11643
11644
11645
11646
11647
11648
11649
11650
11651
11652
11653
11654
11655
11656
11657
11658
11660
11661
11662
11662b
11663
11663b
11664
11664b
11665
11666
11667
11669
11670
11671
11672a
11672b
11673
11674b
11675
11676
11677
11678
11679
11680
11681
11683
11684
11685
11686
11687
11688
11688a
11689
11690
11691a
11692
11693
11694
11695
11696
11697
11698
11699
11700
11701
11702
11702b
11703
11703b
11704
11704b
11705
11706
11707
11708
11709
11710
11711
11712
11713
11714
11715
11716
11717
11719
11720
11721
11722
11723
11724
11725
11726
11727
11728
11729
11730
11731
11732
11733
11734
11735
11736
11737
11738
11739
11740
11741
11742
11743
11744
11745
11746
11747
11748
11749
11750
11752
11753b
11754a
11754b
11755a
11755b
11756a
11756b
11757a
11757b
11758a
11758b
11759a
11759b
11760a
11760b
11761
11762
11763
11764
11765
11766
12001
12002
12003
12004
12005
12006
12007
12008
12009
12010
12011
12012
12013
12014
12015
12016
12017
12018
12019
12020
12021
12022
12023
12024
12025
12026
12027
12028
12029
12030
12031
12032
12033
12034
12035
12036
12037
12038
12039
12040
12041
12042
12043
12044
12045
12046
12047
12048
12049
12050
12051
12052
12053
12054
12055
12056
12057
12058
12059
12060
12061
12062
12063
12064
12065
12066
12067
12068
12069
12070
12071
12072
12073
12074
12075
12076
12077
12078
12079
12080
12081
12082
12083
12084
12085
12086
12087
12088
12089
12090
12091
12092
12093
12094
12095
12096
12097
12098
12099
12100
12101
12102
12103
12104
12105
12106
12107
12108
12109
12110
12111
12112
12113
12114
12115
12116
12117
12118
12119
12120
12121
12122
12123
12124
12125
12126
12127
12128
12129
12130
12131
12132
12133
12134
12135
12136
12137
12138
12139
12140
12141
12142
12143
12144
12145
12146
12147
12148
12149
12150
12151
12152
12153
12154
12155
12156
12157
12158
12159
12160
12161
12162
12163
12164
12165
12166
12167
12168
12169
12170
12171
12172
12173
12174
12175
12176
12177
12178
12179
12179b
12180
12181
12182
12183
12184
12185
12186
12187
12188
12189
12190
12191
12192
12193
12194
12195
50001
50002
50003
50005
50006
50007
50009
50010
50012
50013
50014
50015
50016
50017
50018
50019
50020
50021
50022
50023
50024
50026a
50026b
50027
50028
50029
50030
50031
50032b
50033
50034
50035
50036
50037
50038
50039
50040
50041
50042
50043
50044
50045
50046
51001
51002
51003
51005
51006
51008
51010
51011
51013
51014
51016
51017
51018
51019
51021
51022
51024
51026
51026b
51027
51028
51029
51030
51031
51033
51034
51035
51036
51037
51038
51039
51040
51042
51043
51044
51045
51046
51048
51049
51050
51051
51052
51054
51055
51056
51057
51058
51059
51060
51061
51062
51063
51064
51065
51066
51067
51068
51069
51070
51071
51072
52001
52002
52003
52005
52006
52007
52009
52010
52015
52016
52017
52018
52019
52022
52023b
52024b
52025
52026
52027
52029
52030
52031
52032
52033
52035
52036
52038
52039
52041
52042
52043
52044
52045
52046
52047
52049
52050
52051
52052
52053
52055
52056
52057
52058
52060
52060b
52061
52061b
52062
52062b
52063
52063b
52064
52066
52067
52068
52069
52070
52075
52076
52077
52078
53001
53005
53006
53007
53008
53009
53014
53015
53018
53019
53020
53021
53022
53023
53024
53025
53026
53027
53029
53029b
53030
53030b
53031
53032
53032b
53033
53034
53034b
53035
53036
53037
53039
53040
53041
53042
53043
53044
53046
53046b
53047
53049
53050
53051
53052
53054
53055
53056
53057
53058
53060
53062
53063
53064
53065
53067
53068
53069
53070
53071
53072
53073
53076
53077
53078
53079
53080
54001
54002
54003
54004
54005
54006
54007
54008
54009
54010
54011
54012
54013
54014
54015
54018
54019
54020
54021
54022
54025
54026
54030
54032
54035
54036
54037
54037b
54038
54038b
54039
54039b
54041
54043
54044
54045
54047
54048
54050
54051
54052
54053
54054
54055
54057
54058
54059
54061
54062
54063
54064
54065
54066
54067
54069
54072
54073
54074
54075
60101
60103
60104
60106
60107
60108
60109
60110
60111
60112
60113
60114
60115
60116
60118
60119
60120
60121
60122
60123
60124
60125
60126
60128
60129
60130
60131
60151
60152
60153
60154
60155
60156
60157
60158
60159
60160
60161
60162
60163
60164
60165
60166
60167
60168
60169
60170
60171
60172
60173
60174
60175
60176
60177
60178
60179
60180
60181
60182
60201
60202
60203
60204
60205
60206
60207
60208
60209
60211
60212
60214
60216
60217
60218
60219
60220
60221
60222
60225
60226
60228
60231
60233
60251
60252
60253
60254
60255
60256
60257
60258
60259
60260
60261
60262
60263
60264
60265
60266
60267
60268
60269
60270
60271
60272
60273
60274
60275
60276
60277
60278
60279
60280
60281
60282
60302
60303
60304
60305
60306
60307
60308
60310
60311
60312
60313
60314
60315
60316
60319
60320
60321
60322
60325
60326
60331
60351
60352
60353
60354
60355
60356
60357
60358
60359
60360
60361
60362
60363
60364
60365
60366
60367
60368
60369
60370
60371
60372
60373
60374
60375
60376
60377
60378
60379
60380
60381
60382
60383
60384
60401
60403
60404
60405
60406
60407
60408
60409
60410
60411
60412
60413
60414
60415
60416
60417
60418
60419
60420
60421
60423
60424
60425
60426
60427
60428
60429
60430
60431
60432
60451
60452
60453
60454
60455
60456
60457
60458
60459
60460
60461
60462
60463
60464
60465
60466
60467
60468
60469
60470
60471
60472
60473
60474
60475
60476
60477
60478
60479
60480
60481
60482
60483
60501
60503
60504
60505
60506
60508
60509
60510
60511
60512
60513
60514
60515
60516
60517
60518
60519
60520
60521
60522
60523
60524
60525
60526
60527
60528
60529
60531
60551
60552
60553
60554
60555
60556
60557
60558
60559
60560
60561
60562
60563
60564
60565
60566
60567
60568
60569
60570
60571
60572
60573
60574
60575
60576
60577
60578
60579
60580
60581
60582
70001
70002
70003
70004
70005
70006
70007
70008
70009
70010
70011
70012
70013
70014
70015
70016
70017
70018
70019
70020
70021
70022
70023
70024
70025
70026
70027
70028
70029
70030
70031
70032
70033
70033b
70034
70034b
70035
70035b
70036
70036b
70037
70037b
70038
70038b
70039
70040
70041
70042
70043
70044
70045
70046
70047
70048
70049
70050
70051
70052
70053
70054
70055
70056
70057
70058
70059
70060
70061
71001
71002
71003
71004
71005
71006
71007
71008
71009
71010
71011
71012
71013
71014
71015
71015b
71016
71016b
71017
71018
71019
71020
71021
71021b
71022
71022b
71023
71024
71025
71026
71027
71027b
71028
71028b
71029
71030
71031
71032
71033
71033b
71034
71034b
71035
71036
71037
71038
71039
71039b
71040
71040b
71041
71042
71043
71044
71045
71045b
71046
71046b
71047
71048
71049
71050
71051
71052
71053
71054
71055
71056
71057
71058
71059
71060
71061
71062
72001
72002
72003
72004
72005
72006
72007
72008
72008b
72009
72010
72011
72012
72013
72014
72015
72016
72017
72018
72019
72020
72021
72022
72023
72024
72025
72026
72027
72028
72029
72030
72031
72032
72032b
72033
72034
72035
72036
72036b
72037
72038
72039
72040
72041
72042
72043
72044
72044b
72045
72046
72047
72048
72049
72050
72051
72052
72053
72054
72055
72055b
72056
72057
72058
72059
81001
81002
81003
81004
81005
81006
81007
81008
81009
81010
81011
81012
81013
81014
81015
81016
81017
81018
81019
81020
81021
81022
81024
81025
81026
81027
81030
81031
81032
81033
81035
81036
82002b
82003
82004
82005
82006
82006b
82007
82008
82009
82012
82013
82015
82016
82017b
82018
82019
82020
82028
82029
82030
82031
82032
82033
82034
82035
82036
82037
83002
83003
83004
83005
83006
83007
83008
83009
83010
83011
83012
83013
83014
83015
83016
83017
83018
83019
83020
83021
83022a
83022b
83023a
83023b
83024a
83024b
83025a
83025b
83026a
83026b
83027a
83027b
83028
83029
83030
83031a
83031b
83032a
83032b
83033a
83033b
83034a
83034b
83035a
83035b
83036a
83036b
83037
83038
83039
83040
83041
83042
83043
83044
83045
83046
83047
83048
83049
83050
83051
83052
83053
83054
83055
83056
83057
84001
84002
84003
84004
84005
84006
84007
84008
84009
84010
84011
84012
84013
84014
84015
84016
84017
84018
84019
84020
84021
84022
84023
84024
84025
84026
84027
84028
84030
84031
84032
84033
84035
84036
84037
84038
84039
84040
84041
84042
84043
84044
84045
84046
84047
84048
84049
84050
84051
84052
85002
85003
85004
85005
85006
85007
85008
85009
85010
85011
85012
85013
85014
85015
85016
85017
85018
85019
85020
85021
85022
85023
85024
85025
85026
85027
85028
85029
85030
85031
85032
85033
85034
85035
85036
85037
85038
85039
85040
85041
85042
85044
85045
85046
85047
85048
85049
85050
85051
85052
85053
86001
86002
86003
86004
86005
86006
86007
86008
86009
86010
86011
86012
86013
86014
86015
86016
86017
86018
86019
86020
86021
86022
86023
86024
86025
86026
86027
86028
86029
86030
86031
86032
86033
86034
86035
86036
86037
86038
86038a
86039
86040
86041
86042
86043
86044
86044a
86045
86046
86047
86049a
86050
86051
86052
86053
86054
86055
87001
87002
87003
87004
87005a
87005b
87006
87006b
87007
87008
87009
87010
87011
87012
87013
87014
87015
87015b
87016
87017
87018
87019
87020
87021
87022
87023
87024
87024b
87025
87026
87027
87028
87029
87030
87031
87032
87033
87033b
87034
87034b
87035
87035b
87036a
87036b
87037a
87037b
87038
87038b
87039
87039b
87040
87041
87042
87042b
87043
87044
87045
87046
87047
87048
87049
87050
87051
87052
87053
87054
87055
87056
87057
88001
88002
88003
88004
88005
88006
88007
88008
88009
88009b
88010
88011
88012
88013
88014
88014b
88015
88015b
88016
88017
88018
88019
88020
88021
88022
88023
88024
88025
88026
88027
88028
88028b
88029
88029b
88030
88030b
88031
88031b
88032
88032b
88033
88034a
88034b
88035a
88035b
88035c
88036a
88036b
88037a
88037b
88037c
88038a
88038b
88038c
88038d
88039a
88039b
88039c
88040a
88040b
88040c
88041a
88041b
88041c
88042a
88042b
88042c
88043
88043b
88044
88045
88045b
88046a
88046b
88047a
88047b
88048
88049a
88049b
88050a
88050b
88051a
88051b
88051c
88052a
88052b
88052c
88053a
88053b
89002
89002b
89003
89004
89005
89005b
89006
89007
89008
89009
89010a
89010b
89010c
89010d
89010e
89010f
89010g
89010h
89010i
89011
89012
89013
89014
89015
89017
89018
89019
89020
89021
90001
90002
90003
90004
90005
90006
90007
90009
90010
90011
90012
90013
90014
90015
90016
90017
90019
90020
90021
90022
90023
90023b
90024
90025
90027
90028
90029
90030
90031
90033a
90033b
90034
90035
90036
90037
90039
90041
90042
90043
90044
90045a
90045b
90046
90049
90050
90051
90052b
90053
90054
90055
90056
90057a
90057b
90058
90060
90061
90062
90063
90064
90065
90066a
90066b
90067
90068
90069
90070
90072
90073
90074
90075
90076
90077
90079
90080
90082
90083
90084
90085
90086
90087
90088
90089
90090
90091
90092
90094
90095
90096
90097
98001
98002
98004
98005
98006
98008
98009
98012
98013
98014
98015
98016
98017
98019
98020
98021
99002
99003
